2.20220325.00.00
1.20150713
1.20180713
1.20200713
1.20210713
1.20220325
2.20150719
2.20180719
2.20200719
2.20210719
2.20220325
3.20220325
4.20220325
5.20220325
6.20220325
7.20220325
8.20220325
9.20220325
10.20220325
0.1
0.2
0.3
0.4
0.5
0.6
0.7
0.8
0.9
1.0
1.1
1.2
1.3
1.4
1.5
1.6
1.7
1.8
1.9
2.0
2.1.4
2.13
2.43
3.0
3.46
3.26.1
4.26.1
5.26.1
6.22.4
7.0
8.0
9.0
10.20
11.20
12.20
13.20
14.20
15.20
16.20
18.24.100
19.24.100
20.24.100
21.24.100
22.24.100
23.24.100
24.24.100
25.24.100
1
2
3
4
5
6
7
8
9
0
0.0.1
0.0.2
0.0.3
0.0.4
0.0.5
0.0.6
0.0.7
0.0.8
0.0.9
1.0.0
1.0.1
999999999